position: [-8.3177527943102667e-05, -0.0015901147987015894]
yaw: -0.00159011
