position: [0.001346675274847557, -0.0008473512086349835]
yaw: -0.000847351
