position: [-0.001479974984808346, 0.0005809312431415254]
yaw: 0.000580931
