position: [-0.0008725576799929437, 0.00132971325331964]
yaw: 0.00132971
