position: [0.0001788525361981293, 0.00158181535063906]
yaw: 0.00158182
