position:
  x: -0.416121
  y: 0.326174
orientation:
  yaw: 6.83004e-05
