position:
  x: -0.536716
  y: 0.269575
orientation:
  yaw: -0.000404871
