position:
  x: 0.799701
  y: -0.524605
orientation:
  yaw: 7.81736e-05

