position:
  x: 1.16338
  y: 1.74584
  z: -0.00100692
orientation:
  x: 0.000631976
  y: 0.00145701
  z: -0.3983
  w: 0.917254
