position:
  x: 1.27118
  y: 1.56242
  z: -0.00100807
orientation:
  x: 0.000614783
  y: 0.00146799
  z: -0.38734
  w: 0.921935
