position:
  x: 0.588157
  y: 2.92051
orientation:
  yaw: 0.000567469
