position:
  x: 1.0677
  y: 1.65155
orientation:
  yaw: -0.690799
