position:
  x: -2.06051
  y: -1.45503
orientation:
  yaw: -0.00137318
