position:
  x: 0.478422
  y: -0.00994008
orientation:
  yaw: 0.00159168
